XL2 Sound Level Meter RTA Reporting:		MyProject\2026-03-08_SLM_000_RTA_3rd_Report.txt
------------------------------------


# Hardware Configuration
	Device Info:    	XL2, SNo. A2A-22161-F0, FW4.88
	Mic Sensitivity:	9,7 mV/Pa
	                	(User calibrated 2024-06-09  15:46)
	Time Zone:      	UTC+02:00 (Europe/Helsinki)

# Measurement Setup
	Profile:        	Full mode
	Append mode:    	OFF
	Timer mode:     	continuous
	Timer set:      	--:--:--
	Resolution:     	1/3 Octave
	Range:          	30 - 130 dB

# Time
	Start:          	2026-03-08, 12:45:38
	End:            	2026-03-08, 13:59:18

# RTA Results 
	Band [Hz]	6,3     	8,0     	10,0    	12,5    	16,0    	20,0    	25,0    	31,5    	40,0    	50,0    	63,0    	80,0    	100,0   	125,0   	160,0   	200,0   	250,0   	315,0   	400,0   	500,0   	630,0   	800,0   	1000,0  	1250,0  	1600,0  	2000,0  	2500,0  	3150,0  	4000,0  	5000,0  	6300,0  	8000,0  	10000,0 	12500,0 	16000,0 	20000,0 
	         	[dB]    	[dB]    	[dB]    	[dB]    	[dB]    	[dB]    	[dB]    	[dB]    	[dB]    	[dB]    	[dB]    	[dB]    	[dB]    	[dB]    	[dB]    	[dB]    	[dB]    	[dB]    	[dB]    	[dB]    	[dB]    	[dB]    	[dB]    	[dB]    	[dB]    	[dB]    	[dB]    	[dB]    	[dB]    	[dB]    	[dB]    	[dB]    	[dB]    	[dB]    	[dB]    	[dB]    
	LZSmax   	71,4    	72,3    	72,3    	73,1    	73,2    	73,0    	74,0    	94,3    	103,9   	104,1   	103,2   	99,6    	96,6    	100,4   	94,5    	90,0    	87,2    	90,6    	87,5    	87,8    	89,3    	92,3    	91,9    	86,7    	85,0    	82,4    	78,8    	75,3    	77,9    	78,4    	83,6    	81,0    	79,2    	74,2    	68,8    	56,6    
	LZSmin   	35,4    	38,3    	44,4    	48,1    	48,0    	51,3    	55,4    	53,5    	52,6    	55,1    	53,4    	52,8    	53,0    	51,1    	48,7    	51,0    	52,1    	50,2    	51,7    	52,6    	51,6    	49,8    	47,5    	45,7    	44,7    	41,9    	40,8    	37,8    	37,4    	33,9    	31,4    	30,0    	28,8    	27,7    	27,1    	27,5    
	LZeq     	48,8    	51,6    	55,2    	58,5    	60,3    	60,5    	65,1    	77,4    	83,7    	88,4    	87,8    	81,9    	79,4    	83,0    	80,4    	75,0    	73,1    	76,3    	73,6    	71,5    	76,1    	78,0    	77,4    	73,4    	71,3    	68,1    	66,5    	61,7    	62,5    	61,8    	63,5    	62,3    	61,2    	57,3    	50,7    	39,0    
	L_Capt   	39,1    	36,3    	57,0    	42,4    	45,6    	38,3    	37,7    	43,7    	49,9    	37,5    	52,9    	55,9    	48,3    	50,5    	46,7    	48,2    	46,5    	45,2    	48,8    	48,4    	51,1    	47,2    	49,7    	53,4    	51,3    	51,5    	51,6    	50,2    	48,0    	47,7    	48,3    	47,4    	49,6    	50,7    	48,2    	49,3    

#CheckSum
	E96A9BC0D2DE29F8B888D5DE98A002D1